800802170200100
145811
1  111.670269  29.049301
1  111.67034  29.049301
1  111.670412  29.049289
1  111.670474  29.049289
1  111.670523  29.049281
1  111.670572  29.049258
1  111.670648  29.049254
1  111.670688  29.049254
1  111.670746  29.049254
1  111.670772  29.049254
1  111.670853  29.04925
1  111.670911  29.049238
1  111.670937  29.049238
1  111.670973  29.049238
1  111.671  29.04923
1  111.671053  29.049227
1  111.67112  29.049215
1  111.671142  29.049191
1  111.671142  29.049149
1  111.671138  29.049087
1  111.671129  29.049052
1  111.671129  29.049009
1  111.671129  29.048974
1  111.671129  29.048924
1  111.67112  29.048881
1  111.67112  29.048826
1  111.67112  29.048815
1  111.671111  29.048748
1  111.671102  29.048702
1  111.671102  29.048663
1  111.671102  29.04862
1  111.671098  29.048577
1  111.671093  29.048515
1  111.671093  29.048437
1  111.671093  29.048382
1  111.671098  29.048304
1  111.671098  29.048258
1  111.671102  29.048199
1  111.671098  29.048156
1  111.671089  29.048117
1  111.671098  29.048067
1  111.671098  29.048024
1  111.671093  29.047985
1  111.671093  29.047946
1  111.671084  29.047907
1  111.671084  29.047876
1  111.671084  29.047806
1  111.671102  29.047759
1  111.671133  29.047689
1  111.671169  29.047654
1  111.671209  29.047631
1  111.671222  29.047588
1  111.671249  29.047553
1  111.671249  29.047521
1  111.67128  29.047494
1  111.671325  29.047475
1  111.671361  29.047459
1  111.671383  29.047416
1  111.671401  29.047385
1  111.67145  29.047362
1  111.671472  29.047319
1  111.671512  29.047296
1  111.67157  29.047276
1  111.671597  29.047245
1  111.671637  29.04721
1  111.67169  29.047187
1  111.671735  29.047183
1  111.671775  29.047163
1  111.671797  29.047152
1  111.671833  29.047136
1  111.6719  29.047116
1  111.671944  29.047113
1  111.672002  29.047101
1  111.672042  29.047085
1  111.672096  29.04707
1  111.672131  29.047066
1  111.67218  29.047066
1  111.672211  29.047062
1  111.672274  29.047062
1  111.672336  29.047062
1  111.672407  29.047074
1  111.672501  29.047081
1  111.672563  29.047101
1  111.67263  29.04712
1  111.672693  29.04714
1  111.672751  29.047152
1  111.672815  29.047187
1  111.672869  29.047198
1  111.672922  29.047233
1  111.67298  29.047245
1  111.673002  29.04728
1  111.673051  29.0473
1  111.673087  29.047338
1  111.673123  29.047373
1  111.673154  29.047444
1  111.673167  29.047498
1  111.673221  29.047514
1  111.673221  29.047568
1  111.673225  29.047607
1  111.673261  29.047642
1  111.673256  29.047712
1  111.673314  29.047759
1  111.673287  29.047794
1  111.67331  29.04788
1  111.67335  29.047911
1  111.673372  29.048004
1  111.67339  29.048051
1  111.673408  29.048102
1  111.673412  29.048164
1  111.67339  29.048223
1  111.673381  29.048285
1  111.673385  29.048359
1  111.673399  29.048402
1  111.673399  29.048464
1  111.673399  29.048526
1  111.673394  29.048589
1  111.673412  29.048651
1  111.673452  29.048709
1  111.673434  29.048772
1  111.673439  29.04885
1  111.673434  29.048924
1  111.67343  29.048982
1  111.673417  29.04904
1  111.67343  29.049095
1  111.673421  29.049149
1  111.673399  29.049212
1  111.673363  29.049243
1  111.673314  29.04927
1  111.673247  29.049305
1  111.673189  29.049336
1  111.673158  29.049364
1  111.673091  29.049399
1  111.673007  29.049438
1  111.672962  29.0495
1  111.672909  29.049593
1  111.672855  29.049636
1  111.672811  29.049679
1  111.672753  29.049722
1  111.67269  29.049776
1  111.67265  29.049831
1  111.67261  29.049862
1  111.672557  29.049897
1  111.672463  29.049932
1  111.672365  29.049932
1  111.672276  29.049932
1  111.672156  29.049932
1  111.672071  29.049913
1  111.671973  29.049889
1  111.671866  29.049827
1  111.671777  29.049761
1  111.671697  29.049699
1  111.67163  29.049687
1  111.67155  29.049667
1  111.671501  29.049628
1  111.67143  29.049605
1  111.671385  29.049562
1  111.671314  29.049523
1  111.671269  29.049484
1  111.671234  29.049453
1  111.671207  29.049407
1  111.671153  29.049364
1  111.671078  29.049317
1  111.670998  29.049297
1  111.670913  29.049297
1  111.670833  29.049309
1  111.670763  29.049329
1  111.670665  29.049325
1  111.670545  29.049333
1  111.670478  29.049356
1  111.670398  29.049368
1  111.670291  29.049368
